
s1 = [1 -1 1 -1 1 -1]';
s2 = [-1 -1 -1 -1 -1 1]';
s3 = [1 1 1 -1 -1 1]';

X = [1 1 1 1 1 1]';

W = cat(2,s1,s2,s3)';

net = (1/2)*W*X + 3/2*ones(3,1)


Wm = [1 -0.1 -0.1 -0.1; ...
    -0.1 1 -0.1 -0.1; ...
    -0.1 -0.1 1 -0.1; ...
    -0.1 -0.1 -0.1 1] ...
    

y = [0.5 0.6 0.7 0.8]';

y1 = Wm*y;

y2 = Wm*y1;
y3 = Wm*y2;